Moulinette start at 'Mon Feb 7 23:50:53 CET 2011'


Start exo_01

cc /home/judge/share//ramasse//Jour_03/test_my_aff_comb.c /home/judge/share//ramasse//Jour_03/my_putchar.c my_aff_comb.c -o my_aff_comb
/home/judge/bin/timer 5 ./my_aff_comb
--- /tmp/Jour_03.guillo_e	2011-02-07 23:50:53.271299636 +0100
+++ /home/judge/share//ramasse//Jour_03/my_aff_comb.result	2010-11-04 14:05:46.000000000 +0100
@@ -1 +1 @@
-012, 013, 014, 015, 016, 017, 018, 019, 023, 024, 025, 026, 027, 028, 029, 034, 035, 036, 037, 038, 039, 045, 046, 047, 048, 049, 056, 057, 058, 059, 067, 068, 069, 078, 079, 089, 123, 124, 125, 126, 127, 128, 129, 134, 135, 136, 137, 138, 139, 145, 146, 147, 148, 149, 156, 157, 158, 159, 167, 168, 169, 178, 179, 189, 234, 235, 236, 237, 238, 239, 245, 246, 247, 248, 249, 256, 257, 258, 259, 267, 268, 269, 278, 279, 289, 345, 346, 347, 348, 349, 356, 357, 358, 359, 367, 368, 369, 378, 379, 389, 456, 457, 458, 459, 467, 468, 469, 478, 479, 489, 567, 568, 569, 578, 579, 589, 678, 679, 689, 789
+012, 013, 014, 015, 016, 017, 018, 019, 023, 024, 025, 026, 027, 028, 029, 034, 035, 036, 037, 038, 039, 045, 046, 047, 048, 049, 056, 057, 058, 059, 067, 068, 069, 078, 079, 089, 123, 124, 125, 126, 127, 128, 129, 134, 135, 136, 137, 138, 139, 145, 146, 147, 148, 149, 156, 157, 158, 159, 167, 168, 169, 178, 179, 189, 234, 235, 236, 237, 238, 239, 245, 246, 247, 248, 249, 256, 257, 258, 259, 267, 268, 269, 278, 279, 289, 345, 346, 347, 348, 349, 356, 357, 358, 359, 367, 368, 369, 378, 379, 389, 456, 457, 458, 459, 467, 468, 469, 478, 479, 489, 567, 568, 569, 578, 579, 589, 678, 679, 689, 789
\ No newline at end of file
exo_01: FAIL

End exo_01
Note: 0

Note Total: 0


Moulinette stop at 'Mon Feb 7 23:50:53 CET 2011'
