102
110
112
116
202
204
206
208
210
214
218
220
222
224
226
228
230
232
234
236
238
250
254
270
276
302
304
306
308
310
312
314
316
318
320
322
324
326
328
330
332
334
336
338
340
342
344
346
348
350
352
354
356
358
360
362
364
366
368
370
372
374
376
378
380
382
384
386
388
390
392
394
396
398
400
402
404
406
408
410
412
414
416
418
420
422
424
426
428
430
432
434
436
438
440
442
444
446
448
450
452
454
456
458
460
462
464
466
468
470
472
474
476
478
480
482
484
486
488
490
492
494
496
498
500
502
504
506
508
510
512
514
516
518
520
522
524
526
528
530
532
534
536
538
540
542
544
546
548
550
552
554
556
558
562
564
566
568
570
572
574
576
578
580
584
586
590
594
596
598
602
604
606
608
610
612
614
616
618
620
622
624
626
628
630
634
636
638
640
642
644
648
650
652
654
656
658
660
662
664
666
668
670
672
674
676
678
702
704
706
708
710
712
714
716
718
720
722
724
726
728
756
758
802
804
806
808
810
812
814
816
818
820
822
824
826
828
902
904
906
908
910
912
914
916
918
920
922
924
926
928
930
932
934
936
938
940
944
946
948
950
952
954
956
958
960
962
966
968
970
972
974
976
980
984
986
988
990
992
994
998
2002
2004
2006
2008
2010
2012
2014
2016
2018
2020
2022
2024
2030
2032
2038
2048
2070
2084
2120
2132
2146
2178
2180
2188
2272
2292
2294
2296
2312
2328
2334
2374
2376
2384
2386
2400
2410
2416
2424
2428
2438
2440
3012
3018
3022
3036
3040
3046
3052
3054
3062
3072
3082
3092
3098
3100
3186
3188
3270
4000
4002
4004
4006
4008
4010
4200
4202
4210
4212
4214
4216
4242
5002
5004
5006
5008
5010
5012
5014
5016
5018
5020
5022
5024
5026
5028
5030
5032
5034
5036
5038
5040
5042
5044
5046
5048
5050
5052
5054
5056
5058
5060
5062
5064
5066
5068
5070
5072
5074
5076
5078
5080
5082
5084
5086
5088
5090
5092
5094
5096
5098
5100
5102
5104
5106
5108
5110
5112
5114
5116
5118
5120
5122
5124
5126
5128
5130
5132
5134
5136
5138
5140
5142
5144
5146
5148
5150
5152
5154
5158
5160
5162
5164
5166
5168
6002
6004
6006
6008
6010
6012
6014
6016
6018
6020
6022
6026
7002
7004
7006
7008
7010
7012
7014
7016
7018
7020
7022
7024
7026
7028
7030
7032
7036
7038
7040
7042
7044
11038
11126
11138
11354
12020
12022
12028
12036
12044
12050
12076
12110
12128
12132
12156
12170
12192
12196
12198
12206
12218
12230
12234
12240
12244
12270
12278
12288
12290
12306
12320
12334
12342
12344
12356
12368
12370
13008
13016
13022
13040
13060
13096
13100
13102
13120
13130
13132
13134
13140
13180
13192
13200
13232
13238
13246
13250
13254
13270
13284
13286
13292
13300
13322
13330
13352
13366
13372
13418
13422
13450
13456
14002
14004
16002
16006
16008
16010
16012
16014
16016
16018
16020
16022
16024
16026
16028
16030
16032
16034
16036
16038
16040
16042
16044
16046
16048
16050
16052
16054
16056
16058
16060
16062
16064
16066
16068
16070
16072
16074
16076
16078
16080
16082
16084
16086
16088
16090
16092
16094
16096
16098
16100
16102
16104
16106
16108
16110
16114
16116
16120
16122
16124
16126
16128
16130
16132
16134
16136
16138
16140
16142
16144
16146
16148
16150
16154
16156
16158
16160
16162
16164
16166
16168
16170
16172
16174
16176
16178
16180
16186
16188
16190
16196
16198
16200
16202
16204
16206
16208
16210
16212
16214
16216
16220
16224
16228
16230
16234
16236
16238
16242
16246
16248
16250
16252
16256
16258
16260
16262
16264
16266
16268
16270
16272
16274
16276
16278
16280
16282
16284
16286
16288
16290
16292
16294
16296
16298
16300
16302
16304
16306
16310
16312
16314
16316
16318
16320
16322
16324
16326
16332
16336
16338
16340
16342
16346
16348
16350
16352
16354
16356
16360
16364
16366
16368
16370
16372
16378
16380
16382
16384
16386
16388
16390
16392
16394
16396
16398
16400
16402
16404
16406
16410
16412
16418
16422
16424
16428
16432
16434
16436
16444
16446
16448
16450
16452
16454
16458
16460
16462
16468
16472
16474
16476
16478
16480
16482
16484
16486
16488
16490
16492
16496
16498
16500
16502
16504
17002
17004
17006
17010
17014
17016
17018
17020
17024
17028
17030
17032
17034
17036
17038
17042
17044
17046
17048
17050
17052
17054
17060
17062
17064
17066
17068
17070
17072
17074
17078
17080
17082
17084
17086
17094
17096
17098
17102
17104
17106
17108
17110
17112
17114
17116
17118
17124
17126
17130
17132
17134
17140
17142
17144
17148
17150
17152
17154
17156
17160
17162
17166
17168
17172
17174
17176
17180
17182
17184
17186
17190
17192
17194
17198
17200
17202
17214
17216
17218
17222
17224
17228
17230
17234
17236
17238
17242
17244
17248
17250
17252
17254
17258
17260
17262
17264
17266
17268
17272
17276
17280
17282
17284
17290
17294
17298
17302
17306
17308
17312
17314
17318
17320
17322
17324
17326
17328
17330
17334
17336
17338
17340
17342
17344
17346
17352
17354
17356
17358
18002
18004
18006
18008
18010
18012
18014
18016
18018
18020
18022
18024
18026
18028
18030
18032
18034
18036
18038
18040
18042
18044
18046
18048
18050
18052
18054
18056
18058
18060
18062
18064
18066
18068
18070
18072
18074
18076
18078
18080
18082
18084
18086
18088
18092
18094
18096
18100
18104
18106
18108
18110
18114
18116
18120
18122
18124
18126
18128
18130
18136
18140
18142
18144
18146
18148
18154
18156
18158
18160
18164
18166
18168
18170
18174
18176
18178
18180
18182
18186
18194
18196
18198
18200
18202
18204
18206
18210
18212
18214
18216
18218
18220
18228
18230
18232
18234
18236
18238
18240
18242
18244
18246
18248
18250
18252
18254
18256
18258
18262
18264
18268
18270
18272
18274
18276
18278
18280
18288
18298
18300
18304
18306
18308
18310
18312
18324
18326
18330
18332
18340
18342
19002
19004
19006
19008
19010
19012
19014
19016
19018
19020
19022
19024
19026
19028
19030
19032
19034
19036
19038
19040
19042
19044
19046
19048
19050
19052
19054
19056
19058
19060
19062
19064
19066
19068
19070
19072
19074
19076
19078
19080
19082
19090
19092
19094
19096
19098
19100
19102
19104
19106
19112
19114
19116
19122
19126
19128
19130
19132
19134
19138
19140
19142
19144
19146
19150
19152
19154
19158
19166
19168
19170
19176
19182
19184
19186
19188
19190
19192
19198
19200
19202
19206
19210
19212
19222
19228
19230
19238
19240
19242
19244
19246
19250
19258
19260
19264
19266
19268
19270
21002
21004
21006
21008
21010
21012
21014
21016
21018
21020
21022
21024
21026
21028
21030
21032
21034
21036
21038
21040
21042
21044
21046
21048
21050
21052
21054
21056
21058
21060
21062
21064
21066
21068
21070
21072
21074
21076
21078
21080
21082
21084
21086
21088
21090
21092
21094
21096
21098
21100
21102
21104
21106
21108
21110
21112
21114
21116
21118
21120
21122
21124
21126
21128
21130
21132
21134
21136
21138
21140
21142
21144
21146
21148
21150
21152
21154
21156
21158
21160
21162
21164
21166
21168
21170
21172
21174
21176
21178
21180
21182
21184
21186
21188
21190
21192
21194
21196
21198
21200
21202
21204
21206
21208
21210
21212
21214
21216
21218
21220
21222
21224
21226
21228
21230
21232
21234
21236
21238
21240
21242
21244
21246
21248
21250
21252
21254
21256
21258
21260
21262
21264
21266
21268
21270
21272
21274
21276
21278
21280
21282
21284
21286
21288
21290
21292
21294
21296
21298
21300
21302
21304
21306
21308
21310
21312
21314
21316
21318
21320
21322
21324
21326
21328
21330
21332
21334
21336
21338
21340
21342
21344
21346
21348
21350
21352
21354
21356
21358
21360
21362
21364
21366
21368
21370
21372
21374
21376
21378
21380
21382
21384
21386
21388
21390
21392
21394
21396
21398
21400
21402
21404
21406
21408
21410
21412
21414
21416
21418
21420
21422
21424
21426
21428
21430
21432
21434
21436
21438
21440
21442
21444
21446
21448
21450
21452
21454
21456
21458
21460
21462
21464
21466
21468
21470
21472
21474
21476
21478
21480
21482
21484
21486
21488
21490
21492
21494
21496
21498
21500
21502
21504
21506
21508
21510
21512
21514
21516
21518
21520
21522
21524
21526
21528
21530
21532
21534
21536
21538
21540
21542
21544
21546
21548
21550
21552
21554
21556
21558
21560
21562
21564
21566
21568
21570
21572
21574
21576
21578
21580
21582
21584
21586
21588
21590
21592
21594
21596
21598
21600
21602
21604
21606
21608
21610
21612
21614
22002
22004
22006
22008
22010
22012
22014
22016
22018
22020
22022
22024
22028
22030
22032
22034
22036
22038
22040
22042
22044
22046
22048
22050
22052
22058
22060
22062
22064
22066
22068
22070
22072
22074
22076
22078
22080
22082
22084
22086
22088
22090
22092
22094
22096
22098
22100
22102
22104
22106
22108
22110
22112
22114
22116
22118
22120
22122
22124
22126
22128
22130
22132
22134
22136
22138
22140
22142
22144
22146
22148
22150
22152
22154
22156
22158
22160
22162
22166
22168
22170
22172
22174
22176
22178
22180
22182
22184
22186
22188
22190
22192
22194
22196
22198
22200
22202
22204
22206
22208
22210
22212
22214
22216
22218
22220
22222
22224
22226
22228
22230
22232
22234
22236
22238
22240
22242
22244
22246
22248
22250
22252
22254
22256
22258
22260
22262
22264
22266
22268
22270
22272
22276
22278
22280
22284
22286
22288
22290
22292
22294
22296
22298
22300
22302
22304
22306
22308
22310
22312
22314
22316
22318
22320
22322
22324
22326
22328
22330
22332
22334
22336
22340
22342
22344
22346
22348
22350
22352
22354
22356
22358
22360
22362
22364
22366
22370
22372
22374
22376
22378
22380
22382
22384
22386
22388
22392
22394
22396
22398
22400
22402
22404
22406
22408
22410
22412
22414
22416
22418
22420
22422
22424
22426
22428
22430
22432
22434
22436
22438
22440
22442
22444
22446
22448
22450
22452
22456
22458
22460
22462
22464
22466
22468
22470
22472
22474
22476
22478
22480
22482
22484
22486
22488
22490
22494
22496
22498
22500
22502
22504
22506
22508
22510
22512
22514
22516
22518
22520
22522
22524
22526
22528
22530
22532
22534
22536
22538
22540
22542
22544
22546
22548
22550
22552
22554
22556
22558
22560
22562
22564
22566
22568
22570
22572
22574
22576
22578
22582
22584
22586
22588
22590
22592
22594
22598
22600
22602
22604
22606
22608
22610
22612
22614
22616
22618
22620
22622
22624
22626
22628
22630
22632
22634
22636
22638
22640
22642
22644
22646
22648
22650
22652
22654
22656
22658
22660
22662
22664
22666
22668
22670
22672
22674
22676
22678
22680
22682
22684
22686
22688
22690
22692
22694
22696
22698
22700
22702
22704
22706
22710
22712
22714
22716
22718
22720
22722
22724
22726
22728
22730
22732
22734
22736
22738
22740
22742
22744
22746
22748
22750
22752
22754
22756
22758
22760
22762
22764
22766
22768
22770
22772
22774
22776
22778
22780
22782
22786
22788
22790
22792
22794
22796
22798
22800
22802
22804
22806
22808
22810
22812
22814
22816
22818
22820
22822
22824
22826
22828
22830
22832
22834
22836
22838
22840
22842
22844
22846
22848
22850
22852
22854
22856
22858
22860
22862
22864
22866
22868
22870
22872
22874
22876
22878
22880
22882
22884
22886
22888
22890
22892
22894
22896
22898
22900
22904
22906
22908
22910
22912
22914
22916
22918
22920
22922
22924
22926
22928
22930
22932
22934
22936
22938
22940
22942
22944
22946
22952
22968
22972
23002
23004
23006
23008
23010
23012
23014
23016
23018
23020
23022
23024
23026
23028
23030
23032
23034
23036
23038
23040
23042
23044
23046
23048
23050
23052
23054
23056
23058
23060
23062
23064
23066
23068
23070
23072
23074
23076
23078
23080
23082
23084
23086
23088
23090
23092
23094
23096
23098
23100
23102
23104
23106
23108
23110
23112
23114
23116
23118
23120
23122
23124
23126
23128
23130
23132
23134
23136
23138
23140
23142
23144
23146
23148
23150
23152
23154
23156
23158
23160
23162
23164
23166
23168
23170
23172
23174
23176
23178
23180
23182
23184
23186
23188
23190
23192
23194
23196
23198
23204
23206
23208
23210
23212
23214
23216
23218
23220
23222
23224
23226
23230
23232
23234
23236
23238
23240
23242
23244
23246
23248
23250
23252
23254
23256
23258
23260
23262
23264
23266
23268
23270
23272
23274
23276
23278
23280
23282
23284
23286
23288
23290
23292
23294
23296
23298
23300
23302
23304
23306
23308
23310
23312
23314
23316
23318
23320
23322
23324
23326
23330
23332
23334
23336
23338
23340
23342
23344
23346
23348
23350
23352
23354
23356
23358
23360
24002
24004
24006
24008
24010
24012
24014
24016
24018
24020
24022
24024
24026
24028
24030
24032
24034
24036
24038
24040
24042
24044
24046
24048
24050
24052
24054
24056
24058
24060
24062
24064
24066
24068
24070
24072
24074
24076
24078
24080
24082
24084
24086
24088
24090
24092
24094
24096
24098
24100
24102
24104
24106
24108
24110
24112
24114
24116
24118
24120
24122
24124
24126
24128
24130
24132
24134
24136
24138
24140
24142
24144
24146
24148
24150
24152
24154
24156
24158
24160
24162
24164
24166
24168
24170
24172
24174
24176
24178
24180
24182
24184
24186
24188
24190
24192
24194
24196
24198
24200
24202
24204
24206
24208
24210
24212
24214
24216
24218
24220
24222
24224
24226
24228
24230
24232
24234
24236
24238
24240
24242
24244
24246
24248
24250
24252
24254
24256
24258
24260
24262
24264
24266
24268
24270
24272
24274
24276
24278
24280
24282
24284
24286
24288
24290
24292
24294
24296
24298
24300
24302
24304
24306
24308
24310
24312
24314
24316
24318
24320
24322
24324
24326
24328
24330
24332
24334
24336
24338
24340
24342
24344
24346
24348
24350
24352
24354
24356
24358
24360
24362
24364
24366
24368
24370
24372
24374
24376
24378
24380
24382
24384
24386
24388
24390
24392
24394
24396
24398
24400
24402
24404
24406
24408
24410
24412
24414
24416
24418
24420
24422
24424
24426
24428
24430
24432
24434
24436
24438
24440
24442
24444
24446
24448
24450
24452
24454
24456
24458
24460
24462
24464
24466
24468
24470
24472
24476
24478
24480
24482
24484
24488
24490
24492
24494
24496
24498
24500
24502
24504
33028
33040
33044
33052
34002
34014
34018
34020
34048
34068
34076
34088
34090
34094
34096
34106
34112
35002
35004
35006
35008
35016
35022
35026
35030
35034
35038
35044
35046
35048
35062
35064
35068
35072
35074
35080
35084
35086
35088
35092
35110
35114
35122
35124
35132
35136
35144
35146
35154
35158
35162
35164
35168
35172
35174
35180
35182
35184
35186
35188
35190
35198
35200
35206
35208
35220
35222
35228
35232
35234
35238
35240
35242
35250
35252
35256
35266
35268
35270
35272
35274
35276
35278
35282
35284
35288
35290
35292
35296
35298
35300
35302
35304
35308
35310
35314
35316
35318
35320
35326
35330
35332
35334
35336
35340
35344
35348
35350
35354
35360
35370
35376
35378
35384
35386
35390
35392
35394
35396
35398
35400
35402
35406
35410
35416
35418
35422
35424
35426
35430
35432
36002
36014
36020
36024
36026
36034
36036
36038
36040
36048
36050
36052
36056
36058
36062
36068
36072
36076
36082
36090
36092
36094
36096
36098
36102
36114
36116
36120
36124
36130
36132
36136
36138
36142
36144
36152
36156
36162
36164
36166
36168
36170
36172
36182
36186
36188
36192
36198
36200
36202
36216
36222
36224
36226
36228
36234
36236
36238
36242
36244
36250
36252
36254
36260
36262
36264
36266
36272
36274
36276
36278
36280
36282
36284
36288
36292
36300
36302
36310
36312
36314
36324
36328
36330
36334
36340
36342
36350
36354
36360
36366
36372
36374
36380
36384
36388
36392
36410
36412
36414
37002
37004
37006
37008
37010
37014
37018
37020
37022
37024
37026
37028
37030
37032
37034
37038
37040
37044
37048
37052
37056
37058
37060
37062
37068
37072
37074
37076
37086
37090
37092
37094
37100
37104
37106
37108
37112
37118
37120
37122
37124
37130
37134
37136
37138
37140
37142
37146
37150
37152
37154
37156
37158
37162
37164
37166
37168
37170
37174
37176
37178
37180
37182
37186
37190
37192
37194
37198
37200
37210
37212
37214
37218
37220
37226
37236
37240
37244
37248
37250
37254
37258
37262
37266
37268
37270
37272
37274
37276
37278
37280
37282
37284
37292
37298
37306
37310
37314
37316
37320
37322
37324
37330
37332
37342
37350
37352
37356
37360
37362
37366
37502
37504
37506
37508
37510
37514
37516
37518
37520
37522
37524
37528
37530
37532
37534
37536
37538
37540
37542
37544
37546
37548
37550
37552
37554
37556
37558
37560
37562
37564
37566
37568
37570
37572
37576
37578
37582
37584
37586
37590
37592
37594
37596
37598
37600
37602
37604
37606
37608
37610
37612
38002
38004
38006
38008
38010
38012
38014
38016
38018
38020
38022
38024
38026
38028
38030
38034
38038
38040
38042
38046
38048
38050
38052
38054
38056
38058
38060
38062
38064
38066
38068
38070
38072
38074
38076
38078
38080
38082
38084
38086
38088
38090
38092
38094
38096
38098
38100
38102
38104
38106
38108
38110
38112
38114
38116
38118
38120
38122
38126
38130
38132
38134
38136
38138
38140
38144
38146
38148
38150
38152
38154
38156
38160
38162
38164
38166
38168
38170
38172
38176
38178
38180
38182
38184
38186
38188
38190
38192
38194
38196
38198
38200
38202
38204
38206
38208
38210
38212
38214
38220
38224
38226
38228
38234
38236
38238
38240
38244
38246
38248
38250
38252
38254
38256
38258
38260
38262
38268
38270
38272
38280
38284
38286
38288
38290
38296
38300
39002
39004
39006
39008
39010
39012
39014
39016
39018
39020
39022
39024
39026
39028
39030
39032
39034
39036
39038
39040
39042
39044
39046
39048
39050
39052
39054
39056
39058
39060
39062
39064
39066
39068
39070
39072
39074
39078
39080
39082
39086
39088
39090
39092
39094
39096
39098
39100
39102
39104
39106
39108
39110
39112
39114
39116
39118
39120
39122
39124
39126
39130
39134
39136
39138
39140
39142
39144
39146
39148
39150
39152
39154
39156
39164
39166
39168
39170
39172
39176
39178
39180
39186
39188
39190
39192
39194
39196
39198
39200
39202
39204
39206
39208
39210
39212
39214
39218
39220
39222
39224
39226
39228
39230
39232
39234
39236
39238
39240
39242
39244
39246
39248
39250
39252
39254
39258
39260
44000
44002
44004
44006
44008
44010
44012
44014
44016
44018
44020
44022
44024
44026
44028
44030
44032
44034
44036
44038
44040
44042
44044
44046
44048
44050
44052
44054
44056
44058
44060
44062
44064
44066
44068
44070
44072
44074
44076
44078
44080
44082
44084
44086
44088
44090
44092
44094
56002
56004
56006
56008
56010
56012
56014
56016
56018
56020
56022
56026
56028
56030
56032
56034
56040
56042
56044
56050
57002
57004
57006
57008
57010
57012
57014
57016
57018
57020
57022
57024
57026
57028
57032
57034
57036
57038
57044
57046
57052
57054
57056
57058
57060
57062
57064
57066
58002
58004
58010
58018
58024
58028
58030
58036
58040
58042
58044
58046
58058
59002
59004
59006
59008
59012
59020
59032
59034
59038
59046
59052
59054
59060
59064
59066
59080
59082
59084
59086
59088
59090
59092
59098
59116
59120
59122
59134
59136
59138
59142
60002
60004
60006
60008
60010
60012
60014
60016
60018
60020
60022
60024
60026
60028
60030
60032
60034
60036
60038
60040
60042
60044
60046
60048
60052
60054
60058
60062
60064
60070
60100
60102
60104
60200
61002
61004
61006
61008
61010
61012
61014
61016
61018
61020
61022
61024
61026
61028
61030
61032
61034
61036
61038
61040
61042
61044
61046
61048
61050
61052
61054
61056
61058
61060
61062
61064
61066
61068
61070
61072
61074
61076
61078
61080
61082
61084
61086
61088
61090
61092
61094
61096
61098
61100
61102
61104
61106
61108
61110
61112
61114
61116
61118
61120
61122
61124
61126
61128
61130
62002
62004
62006
62008
62010
62014
62016
62018
62020
62022
62024
62026
62028
62030
62032
62034
62036
62038
62040
62042
62044
62046
62048
62050
62052
62054
62056
62058
62060
62062
62064
62066
62068
62070
62072
62074
62076
62078
62080
62082
62084
62086
62088
62090
62092
62094
62096
62098
62100
62102
62104
62106
62108
62110
62112
62114
62116
62118
62120
62122
62124
62126
62128
62130
62132
62134
62136
62138
62140
62142
62144
62146
62148
62150
62152
62154
62156
62158
62160
62162
62164
62166
62168
62170
62174
62176
62178
62180
62182
62184
62186
62188
62190
62192
62194
62196
62198
62200
62202
62204
62206
62208
62210
62212
62214
62216
62218
62220
62222
62224
62226
62228
62230
62232
62234
62236
62238
62240
62242
62244
62246
62248
62250
62252
62254
62256
62258
62260
63002
63004
63006
63008
63010
63012
63014
63016
63018
63020
63022
63024
63026
63028
63030
63032
63034
63036
63038
63040
63042
63044
63046
63048
63050
63052
63054
63056
63058
63060
63062
63064
63066
63068
63070
63072
63074
63076
63078
63080
63082
63084
63086
63088
63090
63092
63094
63096
63098
63100
63102
63104
63106
63108
63110
63112
63114
63116
63118
63120
63122
63124
63126
63128
63130
63132
63134
63136
63138
63140
63142
63144
63146
63148
63150
63152
63154
63156
63158
63160
63162
63164
63166
63168
63170
63172
63174
63176
63178
63180
63182
63184
63186
63188
63190
63192
63194
63196
63198
63200
63202
63204
63206
63208
63210
63212
63214
63216
63218
63220
63222
63224
63226
63228
63230
63232
63234
63236
63238
63240
63242
63244
63246
63248
63250
63252
63254
63256
63258
63260
63262
63264
63266
63268
63270
63272
63274
63276
63278
63280
63282
63284
63286
63288
65002
70002
70004
70006
70008
70010
70012
70014
70016
70018
70022
70024
70026
70028
70030
70032
70036
70040
70042
70044
70046
70050
70052
70054
70056
70058
70062
70064
70068
70070
70072
70074
70076
70082
70084
70086
70090
70096
70098
70100
70102
70108
70110
70114
70116
70118
70120
70122
70124
70130
70132
70134
70136
70138
70142
70144
70146
70152
70154
70158
70160
70162
70166
70174
70176
70178
70180
70184
70186
70188
70192
70194
70198
70200
70206
70228
70230
70232
70236
70238
70242
70244
70248
70252
70254
70268
70270
70276
70278
70280
70282
70284
70288
70292
71002
71004
71006
71008
71010
71012
71014
71016
71018
71020
71022
71024
71026
71028
71030
71032
71034
71036
71038
71044
71046
71052
71054
71056
71058
71060
71062
71064
71066
71068
71070
71072
71074
71076
71078
71080
71082
71084
71088
71090
71092
71094
71096
71098
71100
71102
71104
71106
71110
71114
71118
71120
71122
71124
71128
71130
71132
71136
71138
71142
71144
71146
71148
71150
71152
71154
71156
71158
71160
71162
71164
71166
71168
71170
71172
71176
71178
71182
71186
71188
71190
71194
71196
71198
71202
71204
71208
71210
71212
71214
71216
71218
71220
71222
71224
71226
71228
71232
71234
71236
71238
71240
71242
71246
71248
71250
71252
71256
71262
71266
71268
71270
71272
71274
71276
71278
71282
71284
71286
71288
71290
71316
71342
71344
71346
71348
71350
71352
72002
72004
72006
72008
72010
72012
72014
72016
72018
72020
72022
72024
72026
72028
72030
72032
72034
72036
72038
72040
72042
72044
72046
72048
72050
72052
72054
72056
72058
72060
72062
72064
72066
72068
72070
72072
72074
72076
72078
72080
72082
72084
72086
72088
72090
72092
72094
72096
72098
72100
72102
72104
72106
72108
72110
72112
72114
72116
72118
72120
72122
72124
72126
72128
72130
72132
72134
72136
72138
72140
72142
72144
72146
72148
72150
72152
72154
72156
72158
72160
72162
72164
72166
72168
72170
72172
72174
72176
72178
72180
72182
72184
72186
72188
72190
72192
72194
72196
72198
72200
72202
72204
72206
72208
72210
72212
72214
72216
72218
72220
72222
72224
72226
72228
72230
72232
72234
72236
72238
72240
72242
72244
72246
72248
72250
72252
72254
72256
72258
72260
72262
72264
72266
72268
72270
72272
72274
72276
72278
72280
72282
72284
72286
72288
72290
72292
72294
72296
72298
72300
72302
72304
72306
72308
72310
72312
72314
72316
72318
72320
72322
72324
72326
72328
72330
72332
72334
72336
72338
72340
72342
72344
72346
72348
72350
72352
72358
72360
72362
72364
72366
72368
72370
72372
72374
72376
72378
72380
72382
72388
72390
72394
72396
72398
72400
72402
72404
72406
72412
72414
72416
72418
72420
72422
72424
72426
72428
72430
72432
72434
72436
72438
72442
72444
72446
72450
72454
72456
72458
72464
72466
72468
73002
73004
73006
73008
73010
73012
73014
73016
73018
73020
73022
73024
73026
73028
73030
73032
73034
73036
73038
73040
73042
73044
73046
73048
73050
73052
73054
73056
73058
73060
73062
73064
73066
73068
73070
73072
73074
73076
73078
73080
73082
73084
73086
73088
73090
73092
73094
73096
73098
73100
73102
73104
73106
73108
73110
73112
73114
73116
73118
73120
73122
73124
73126
73128
73130
73132
73134
73136
73138
73140
73142
73144
73146
73148
73150
73152
73154
73156
73158
73160
73162
73164
73166
73168
73170
73172
73174
73176
73178
73180
73182
73184
73186
73188
73190
73192
73194
73196
73198
73200
73202
73204
73206
73208
73210
73212
73214
73216
73218
73220
73222
73224
73226
73228
73230
73232
73234
73236
73238
73240
73242
73244
73246
73248
73250
73252
73254
73256
73258
73260
73262
73264
73266
73268
73270
73272
73274
73276
73278
73280
73282
73284
73286
73288
73290
73292
73294
73296
73298
73300
73302
73304
73306
73308
73310
73312
73314
73316
73318
73320
73322
73324
73326
73328
73330
73332
73334
73336
73338
73340
73342
73344
73346
73348
73352
73354
73356
73358
73360
73362
73364
73366
73368
73370
73372
73374
73376
73378
73380
73382
73384
73386
73388
73390
73392
73394
73396
73398
73400
73402
73404
73406
73408
73410
73412
73414
73416
73418
73420
73422
73424
73426
73428
73430
73432
73434
73436
73438
73440
73442
73444
73446
73448
73450
73452
73454
73456
73458
73460
73462
73464
73466
73468
73470
73472
73474
73476
73478
73480
73482
73484
73486
73488
73490
73492
73494
73496
73498
73500
73502
73504
73506
73508
73510
73512
73514
73516
73518
73520
73522
73524
73526
73528
73530
73532
73534
73536
73538
73540
73542
73544
73546
73548
73550
73552
73554
73556
73558
73560
73562
73564
73566
73568
73570
73572
73574
73576
73578
73580
73582
73584
73586
73588
73590
73592
73594
73596
73598
73600
73602
73604
73606
73608
73610
73612
73614
73616
73618
73620
73622
73624
73626
73628
73630
73632
73634
73636
73638
73640
73642
73644
73646
73648
73650
73652
73654
73656
73658
73660
73662
73664
73666
73668
73670
73672
73674
73676
73678
73680
73682
73684
73686
73688
73690
73692
73694
73696
73698
73700
73702
73704
73706
73708
73710
73712
73714
73716
73718
73720
73722
73724
73726
73728
73730
73732
73734
73736
73738
73740
73742
73746
80004
80006
80008
80016
80020
80024
80028
80030
80032
80034
80036
80042
80046
80048
80052
80056
80058
80062
80064
80066
80070
80072
80076
80084
80088
80096
80098
80104
80108
80110
80112
80114
80116
80120
80122
80126
80128
80130
80132
80134
80138
80146
80148
80152
80156
80158
80162
80164
80166
80168
80170
80172
80176
80182
80186
80192
80194
80208
80216
80226
80228
80232
80238
80240
80242
80244
80246
80248
80250
80252
80254
80258
80262
80264
80266
80270
80272
80274
80276
80278
80280
80282
80284
80286
80288
80290
80292
80294
80296
80298
80300
80302
80304
80306
80308
80314
80318
80320
80322
80324
80326
80328
80330
80332
80334
80336
80338
80340
80344
80346
80348
80350
80352
80354
80356
80358
80360
80362
80364
80366
80368
80372
80374
80376
80378
80382
80384
80386
80388
80390
80392
80394
80396
80398
80400
80402
80404
80406
80408
80410
80412
80414
80418
80420
80422
80424
80430
80432
80434
80436
80438
80440
80442
80444
80446
81002
81004
81008
81010
81012
81018
81020
81022
81024
81026
81028
81034
81036
81040
81042
81046
81048
81050
81052
81056
81058
90002
90004
90006
90008
90010
90012
90014
90016
90018
90020
90022
90024
90026
90028
90030
90032
90034
90036
90038
90040
90042
90044
90046
90048
90050
90052
90054
90056
90058
90060
90062
90064
90066
90068
90070
90072
90074
90076
90078
90080
90082
90084
90086
90088
90090
90092
90094
90096
90098
90100
90102
90104
90106
90108
90110
90112
90114
90116
90118
90120
90122
91002
91004
91006
91008
91010
91012
91014
91016
91018
91020
91022
91024
91026
91028
91030
91032
91034
91036
91038
91040
91042
91044
91046
91048
91050
91052
91054
91056
91058
91060
91062
91064
91066
91068
91070
91072
91074
91076
91078
91080
91082
91084
91086
91088
91090
91092
91094
91096
91098
91100
91102
91104
91106
91108
91110
91112
91114
91116
91118
91120
91122
91124
91126
