4010
5002
80446
71006
18310
22120
60008
23190
90008
80006
71008
410
21122
63002
73178
16446
21068
22086
21196
21284
22116
72058
394
528
728
328
70074
19002
80004
21504
13286
23032
24338
17002
44002
16006
61014
37002
35122
19066
24006
18002
22732
21124
60012
62002
58002
36116
62004
826
21386
72250
80024
70238
2016
60002
19012
24038
59002
24366
59008
72236
61004
16032
38006
39002
22126
16134
24208
23002
73304
24188
22012
63004
24086
6018
18006
378
73306
21602
23234
59004
35030
61050
21126
17322
37004
22916
73676
17134
62244
22162
63006
5064
39016
16002
22150
22122
72048
444
35002
90002
23192
61120
72466
58004
39004
18028
37006
62006
12050
23236
23034
24360
73726
24390
13060
80030
72026
17004
35048
12278
70090
73308
16448
22548
3092
72200
21128
704
71010
34068
73092
90004
24462
23026
21008
554
90006
71012
22038
60034
37592
22014
72402
38008
44004
16390
72142
73310
13192
22312
36014
37104
814
80036
56002
308
61072
17006
22088
564
628
364
17054
44006
73312
7010
73180
23004
59034
37594
71014
18258
35064
61036
22786
22090
18312
37502
22672
19008
39042
61016
80008
24016
63008
35092
38012
19010
90106
73656
35084
73182
91002
39050
62008
73314
72210
37248
16450
22568
5116
39006
23036
23038
70026
80046
5100
24210
22734
23194
21506
16086
18012
22572
72044
228
23196
61074
24212
22750
23178
24176
346
22136
13096
73032
62010
18014
38014
57002
16392
666
668
16010
73318
37008
23198
13322
72146
73320
19024
72140
2424
72264
63010
17182
21132
22452
18016
19016
5030
39196
36144
80076
23040
16030
398
6014
16012
21010
72126
13300
35114
62240
38048
38018
24216
36024
18018
24362
73002
73322
63012
22788
16016
22316
21134
38052
22130
12288
22694
19028
35132
59012
62014
16014
71018
16018
73678
16060
5154
17060
19020
72296
72014
22748
73232
60006
17010
16394
18020
90010
17184
824
820
828
72412
21388
33052
558
19030
21136
73324
24484
22736
73262
24078
39010
5050
22952
22522
57064
21508
940
73004
35136
80084
91004
38020
24372
24082
62238
71020
23240
56032
36026
24214
18044
22094
19022
62016
37014
23044
22570
73280
18024
38104
24464
39052
72310
44008
73326
36162
38056
71022
16452
61052
18026
62018
16008
37504
73328
23204
91006
35080
72424
38030
21086
63014
23052
23212
16022
23180
35424
23056
73680
70056
2006
73330
70050
80112
39012
61038
22132
37018
73184
73332
22792
22326
39014
63016
35026
80208
56004
24002
73234
72178
80116
21390
22184
37020
73094
36188
22574
80138
72360
17064
21510
62020
90012
18030
622
72290
70136
17144
70230
22328
24374
72016
71024
37142
21392
36034
21138
21076
22330
22198
23242
73334
60100
22684
36036
616
24368
34096
37022
63018
17192
22918
91008
24218
62022
21278
17166
37024
660
80016
71026
22208
18032
23066
90014
5046
63020
518
22016
16028
19048
71028
22134
72010
38010
18046
61054
70192
73336
73282
22240
21090
37028
22576
81002
38024
71030
36038
36412
61076
24092
19042
39020
38026
18034
71032
72108
72060
22230
16084
21140
18036
22042
70120
12156
24220
22794
22336
17070
19026
73034
80152
91010
16034
70242
17194
39022
62246
73096
44010
22018
80182
13008
60046
968
73338
18038
63022
24094
80020
71062
72104
72312
21142
72072
5040
61018
16036
16396
23006
23206
24096
63024
62024
2296
5152
620
39024
72270
16340
73340
80436
35144
24340
24222
22796
72204
21394
386
73342
18120
63026
62236
73344
70042
37034
22128
81004
24376
21512
70146
12270
71036
24224
23246
70002
17198
91012
16398
23062
38028
35146
73186
23208
21332
71038
19044
21396
22798
22738
22138
63028
22340
73284
22254
17200
37560
73578
59020
24226
73682
23068
16038
16454
81018
22578
22044
21398
23210
72128
16040
73236
22342
21400
436
22740
73098
24228
37520
23072
16400
384
70108
73346
91014
17098
36056
37038
80238
17142
73036
23214
72086
60030
62026
71084
39028
24004
18010
16042
38034
60036
22218
22582
63030
91016
37212
37040
23008
23216
62028
61104
90024
90016
21012
73188
22678
21146
16044
39030
22800
520
73218
91018
3100
17202
73238
936
22140
22494
21402
72160
72426
35154
80240
21130
22256
62030
73240
36058
71044
16046
62032
72020
39008
39018
17016
90100
37048
19032
73006
80420
22802
16048
22584
73348
18262
72070
16096
13140
72316
44012
24098
304
22142
18078
80242
63032
90018
56006
22260
16212
70062
71046
6010
18048
80244
7002
73684
73038
37600
72398
23252
62034
44092
18050
72168
35004
81020
16386
39032
496
24230
62036
56008
63034
13246
36266
960
90036
39034
22588
3040
22232
80228
17018
19034
22144
73242
35158
70006
70012
22020
17186
19036
526
24378
524
462
16050
39036
37044
73108
38040
18052
22590
24342
62038
24380
24100
486
21144
72240
73352
7024
22742
73658
19038
38080
22892
22146
80246
19040
35162
18054
35168
21148
73354
17190
22148
73728
38050
21514
16052
37056
24232
22808
38060
80248
72416
63036
37506
80028
73100
60052
17014
62040
91020
60024
37140
35164
71052
21014
24102
23010
22262
18084
16056
44014
91126
72198
3018
71054
18056
21092
5070
550
21404
918
19150
912
23254
21516
276
7014
72008
22152
63038
90020
61056
73102
80250
16058
21150
23218
90038
59032
71056
73356
23074
22348
62042
24234
63040
21152
21406
35172
38004
24322
80252
2146
22812
21016
5078
37058
17334
22266
19064
71352
36302
73358
63042
348
22586
62044
71058
57066
23042
37060
72154
24104
18264
21160
494
39044
73008
70082
532
63044
60038
22814
72116
24178
81022
22154
73244
16062
21290
73286
18058
62046
21154
5108
24238
19046
91022
336
73360
21156
16402
24382
73104
37062
24236
36068
16064
73362
24106
24026
73246
57034
6016
23220
428
23076
672
13292
34106
63046
80254
332
238
73364
60070
22048
678
71176
61102
18232
39046
62048
17024
36310
37604
24384
72428
35174
81024
91024
72170
72132
61126
22594
37516
72110
38054
36072
80032
16066
16458
17230
16296
37068
6012
19050
21574
73040
71064
552
818
57008
91026
23256
22156
21018
38058
59038
80034
70270
18062
63048
948
60054
34020
16072
91028
71066
72102
58010
320
24240
24386
36076
73106
23078
39048
24108
73366
916
17104
62050
18096
39038
71068
19068
61006
35180
21408
37508
62052
22350
21006
24358
63050
35182
19072
22052
13102
822
37556
37072
63052
37166
16070
12234
21026
24008
80258
22158
24110
22744
63054
71002
71070
38064
63056
72082
24242
61040
80438
21410
22352
2272
24042
81026
22272
5062
63058
21192
21412
62054
36328
38068
18060
18066
73686
954
12306
73110
73368
17028
62234
35184
37074
62056
35186
70186
18064
16074
39110
71072
44016
19054
17030
70040
23258
24112
73370
23080
21020
63060
35072
17020
17328
80262
624
706
70248
5122
18324
57018
22456
24190
21158
21414
21518
72088
73730
70132
16076
91030
37250
39056
71074
218
22496
24246
72148
73376
19056
22006
80042
73372
63062
2178
80264
2012
37076
17052
36082
22276
24244
23012
21576
62058
35188
72430
24114
36330
318
23176
21600
57006
18068
90022
35190
72030
73374
23222
62060
39114
22354
80266
70032
16078
17034
63064
61002
39058
73738
22822
24466
60014
63066
23082
21094
91032
38062
22592
17038
334
13330
21022
61130
73742
24010
24324
73112
16348
37584
22166
22278
37524
72308
34094
70016
22680
16460
73378
16080
39026
38076
61020
34018
19060
12028
18268
18042
21416
19062
72068
71076
72332
73010
22922
37266
73380
72004
16342
17176
90026
37282
38078
21418
61098
22022
16082
80442
63068
5034
358
37546
70178
39060
24044
73382
80146
61058
62062
71078
17236
22168
72328
18270
35198
16100
306
21226
24388
73114
91034
72432
72246
17336
63070
420
73042
39062
22280
57010
22270
62064
24248
72226
5150
22242
516
73384
62248
72036
17216
63072
340
39064
17032
35068
70008
21520
24468
72106
72022
16088
18072
39066
17042
35200
16176
22746
80270
24012
24392
57058
22924
5074
16404
72272
70084
81028
38066
71082
72172
21420
18070
73386
80272
22356
38082
24394
24116
70014
90028
19070
22498
16462
5098
61106
12240
73116
21162
63074
36090
80274
63076
57012
21024
18326
44018
63078
22170
22358
16380
73044
39054
19018
13232
80276
72322
73388
39070
24118
36092
37606
952
17044
5112
70152
17148
38084
18272
21422
73390
372
80048
19074
22754
22024
62066
388
416
418
22752
21164
21286
23084
34002
16092
90030
60022
22526
22758
23014
16094
23086
59046
60004
70282
3012
492
73190
91036
90032
72278
16090
71088
584
38088
510
22248
3022
73392
342
22826
22682
23260
21328
21338
90040
23224
73220
16168
62068
464
19076
21166
63080
90108
22768
72434
38090
22172
21072
16350
19098
80278
16406
90034
21280
23226
24250
37552
22602
18022
70158
36094
72436
21288
548
73394
72166
21384
37090
39072
36096
73396
17046
24344
24120
39180
37568
21578
36098
22764
17238
5128
22250
17106
16098
37510
91038
80052
73046
22926
63082
24122
22002
22084
38092
21522
37092
18076
44020
21028
61078
21168
22106
72300
5092
24046
38016
22366
73398
22284
62070
21334
80056
21336
71092
73192
22288
24396
24398
2312
22290
35206
22598
17036
448
24252
73074
73012
72042
17242
23088
18080
63084
13366
19014
22292
24326
39120
72400
13284
71128
38094
73048
16102
73400
37094
21170
5022
73690
922
91040
38096
80280
71094
72138
36102
19078
35062
22828
72152
62232
19080
70160
80058
80282
62072
22174
21172
21096
568
17048
63086
16190
62074
22830
72334
24192
19260
22832
38098
61108
17050
21424
90110
71096
22928
7016
7018
7022
23238
17222
21174
37562
73402
23046
18082
16104
73660
58018
73404
35208
23244
36334
16352
23090
16106
594
21524
37052
21426
370
16160
22108
36324
72232
80284
57014
35124
23092
21326
73118
61088
546
3072
722
724
816
720
806
4008
4006
804
984
4004
4002
4000
708
39122
714
38070
37514
37100
220
73248
16108
71098
434
73692
73406
12344
22600
73408
458
24254
994
23248
72028
5102
478
566
63088
24194
23264
22930
73410
38160
16468
80062
16110
62076
72144
21030
72206
37558
90042
12192
73412
63090
72438
22834
72006
91042
70232
18086
73414
73120
5052
21340
2440
22294
22370
396
80064
16382
24124
73222
16410
80286
17108
73416
22224
71350
36114
80288
80422
80290
39078
73694
22176
63092
73418
24328
35232
18088
38106
73420
22178
16116
71100
24048
24256
23094
63094
5016
63096
91044
2132
73316
73422
24400
604
21176
6006
17260
71102
202
90044
22528
18274
508
73424
24258
22180
426
2020
6004
24180
21428
33040
72280
63098
2030
5026
38074
61124
73426
72274
37106
73014
70276
73428
60058
71104
73122
63100
2376
22058
21292
59052
22604
73250
37108
90046
36120
17110
61060
11038
5160
91046
638
488
63102
21178
38110
22766
16122
22298
24402
72054
16124
72242
35220
24126
24050
626
80292
570
21430
24014
73124
72062
73696
16126
250
80066
21432
22836
39186
38112
2400
23250
39082
18004
35086
63104
71106
37362
35222
72380
61128
62078
21434
62080
578
12244
73430
3036
608
22696
37112
38114
22606
72066
73432
62082
39192
430
13254
80294
61080
16128
72292
21526
63106
60026
36124
71060
38116
21180
91048
39230
21032
16326
18094
62084
232
62086
73434
37536
16388
22374
63108
63110
19092
39086
24404
16114
80070
70004
7008
71110
44022
62088
80296
37118
37156
90048
636
21098
23266
21436
16130
22060
73252
72288
73050
63112
72100
73126
61110
80298
22770
37120
80300
19112
37030
33044
35228
62090
22378
17150
13418
22028
24128
73194
4212
658
16444
70130
24346
5134
5054
37314
5140
18100
72320
39088
22182
22772
17262
21438
72078
39228
36130
72358
24130
24488
62092
70278
22500
17062
37122
57016
72184
38120
61042
19058
22004
35046
3188
80072
37174
72336
70166
72220
61030
24470
71114
24260
21182
23262
37124
73254
21528
62094
70174
35034
7036
572
39090
73016
44024
24052
21440
22710
23016
73052
63114
17066
90050
35234
35006
73436
72052
37170
21184
38122
63116
73698
73718
438
16132
19006
36132
23096
35422
23182
36052
73438
81034
21580
2070
22840
24132
18278
18008
16136
80302
22304
432
534
35256
22842
71118
18104
90052
70116
21294
35240
22226
23098
16138
36136
72418
44090
22686
70162
980
18106
72442
62096
38086
72376
63118
72388
70254
19096
17068
36138
73128
71120
73440
21186
72034
16472
21442
73130
72150
22698
90054
17338
22034
22186
18108
35242
39094
44026
16140
73196
16474
24472
24406
16354
16142
80304
2374
63120
17152
73442
38126
91050
22380
63122
18092
70110
13372
21034
36142
56010
71124
22188
39214
21188
440
39210
23100
37130
23280
62098
24134
38290
36340
22608
16412
72298
23102
22030
73198
73444
63124
73018
80306
13422
36342
63126
22610
16144
38100
22932
80308
70198
73446
38132
24262
22244
21036
73200
61118
17072
19100
21282
5024
73256
612
422
73700
214
63128
37316
72362
16476
62250
38134
73448
81036
234
5058
24054
21190
24490
62100
73662
21444
44028
62230
16356
19240
37518
16146
21342
62102
37134
90056
400
7028
73054
23104
24264
23292
23048
73450
16020
19222
35250
18114
39098
16148
61022
18230
21100
44030
59054
73202
37136
35276
926
71130
62104
73452
21446
652
22190
80424
70096
39252
22372
73020
19090
17074
35252
73224
63130
72372
22062
23106
73708
18116
338
72382
23018
23050
37138
22846
91052
21530
19104
21038
59060
12342
38138
71132
39100
24136
37544
21344
63132
21194
19106
36002
24266
24018
21448
39102
73454
44032
2120
22790
2328
500
65002
23294
38102
73132
56050
21582
73288
21610
73456
17154
16154
62106
6008
60062
63134
44034
80314
22192
17234
70184
61062
19102
90118
72182
38140
73458
17080
36152
22382
70036
22848
24182
16024
22700
72114
13130
37146
63136
414
63138
73460
37612
2004
16156
24408
19094
5060
35432
3186
23108
23188
73724
18238
35008
3270
62108
22032
5090
7038
7040
7042
7044
716
23296
932
17082
18074
986
102
110
112
116
630
21450
5144
22612
62228
72214
71138
22804
39106
73462
37150
63140
73464
39144
59064
22386
62110
16120
38146
73688
24084
2018
22396
71136
21198
21532
22774
44036
16478
80318
19158
18110
22614
72012
24138
37152
58024
22064
91054
24348
36156
73134
61112
61092
408
22868
2014
16324
73290
24140
544
574
39068
4200
21200
39108
62112
73056
60102
22194
442
38118
62114
37154
5032
63142
70064
24270
71142
22388
22420
21534
73258
73468
24056
5114
22702
24268
206
16162
22442
22502
22532
12076
72458
36350
72444
230
23110
21452
17156
61100
22616
58058
16164
13180
57004
70176
5004
72158
81040
80192
37320
60044
21296
91056
23300
17160
23268
38152
63144
72084
60028
404
21202
19114
22196
16166
17078
23186
23302
73260
63146
72468
21346
71146
344
23230
7020
90058
5042
37158
21454
19116
73470
90060
23304
72218
72002
73136
35266
36164
21566
44038
80216
23112
21082
17340
38022
63148
80320
24492
37598
37310
13120
21204
36166
12320
37522
22446
73664
21298
24410
22392
71290
18128
22200
72304
36168
23306
21040
38154
23114
37608
22618
22716
21536
80088
21594
71034
226
37162
71148
63150
56012
24272
62116
18276
204
80322
38136
91058
59120
36354
90062
18130
35268
73058
18280
37586
972
956
73472
17342
37164
63152
80324
70134
39074
35270
62118
12218
21120
24412
21070
21206
73474
70252
58028
16172
37564
24350
81008
35272
71150
73476
39238
16198
23308
23310
24274
21102
22110
36170
72024
71152
39112
21348
62120
23312
22458
16178
16026
24414
71154
18122
73478
23270
23116
91060
71342
22202
24020
71156
70188
34014
63154
61082
22010
18124
80096
17084
16180
22204
71288
80326
35430
73732
17086
35274
17094
62122
72414
19122
662
21042
70142
24276
322
19258
35278
71158
72446
350
38162
37168
16418
2022
72318
21208
22622
44094
73480
62124
73060
22934
21380
37194
36172
71160
80328
22854
22460
22972
21104
44040
17172
21210
73482
73484
5028
22206
91062
38130
19242
37026
16150
39116
23054
24440
24416
80330
22296
72196
12356
22210
39118
72080
23314
72176
12128
63156
72342
62126
35282
24142
38176
16186
22624
21044
16188
72262
21456
73486
22626
13200
58030
35284
21212
22212
16372
72248
24420
12044
22912
71162
63158
24058
80098
73138
22630
22214
44042
23118
34048
56030
22718
24184
24144
22234
16204
36360
21214
73264
73488
22216
24278
71164
11138
22470
63160
73062
21570
13270
72162
61122
17344
71166
21350
80332
35288
22066
57046
62128
38170
35304
24418
37176
22398
81042
5158
330
22776
22936
18330
71168
18214
21584
73702
22008
72094
22620
19128
24280
91064
21046
446
63162
18140
21216
72076
73490
22400
62130
580
23316
37178
22806
73492
73064
80104
16480
22068
22858
22628
35290
5010
22076
73494
60064
59080
21324
19126
22632
22810
17096
17302
24494
73496
62132
21568
60104
90064
35292
37180
63164
36062
61064
70200
2416
18146
90066
504
73066
80334
950
22968
17102
16482
80108
22704
19132
254
17174
73498
71346
35296
22472
21048
71172
22860
23272
38002
44044
920
36182
63166
22862
37182
73618
70054
21596
63168
648
62134
16196
406
596
21458
24422
476
70046
60018
73500
62252
22534
22160
63170
37322
72350
39130
72224
22634
73502
37010
634
57060
24022
17180
22474
5120
22036
16360
73266
59082
62136
80336
35298
22222
21050
80110
72032
73504
908
90102
37186
72366
73506
80338
16200
17346
5168
36186
63172
72394
13132
72464
70086
22476
14002
62242
73140
62138
44046
72046
19138
21300
56014
962
958
16202
24330
22688
21218
91066
2024
22308
21106
38148
35300
72344
39092
63174
73704
22402
23318
35302
61090
18136
19004
72450
71178
36192
38190
72326
39134
80114
970
21538
63176
22864
21056
70180
23020
23274
16484
91068
80440
23120
22478
72228
21220
24146
61044
72238
72254
72324
208
16170
38182
352
63178
512
62140
22636
91070
21352
73508
72124
60032
59084
38184
19244
16206
21222
480
22228
22778
71182
80444
39136
35308
22756
72252
21052
62142
24148
37190
91072
38150
37192
36198
22236
21608
44048
73204
39080
22404
62144
73268
80430
16486
21572
21460
22866
22406
73510
18160
17248
24496
72164
63180
39138
72286
36200
37528
21302
18332
80340
70114
35316
22480
90068
63182
21586
39140
80120
474
21108
36366
35310
24424
57052
22482
5020
73512
72136
91074
73068
73466
18166
63184
37198
62258
73206
71186
23276
37258
21604
72404
12370
22816
21224
36202
37324
16208
22238
16364
18168
21354
16488
73292
61114
21540
73142
12022
5066
70118
62146
72040
21356
466
562
73514
39096
21054
80122
12036
38188
35314
37200
542
24498
73226
22410
22938
35016
63186
22720
71188
71316
37278
22638
62148
21462
17162
12110
22246
664
70102
904
38202
61026
24202
19142
72348
16422
22412
91076
39142
71190
598
24332
57020
24476
39220
73516
17124
23122
91078
934
21464
22414
16216
91120
19134
36372
24282
39146
22484
3062
18170
73144
73706
974
24150
19228
73518
61010
21382
91080
80344
23124
19246
38042
22640
17214
24024
18174
24060
71194
22252
17306
73520
38156
22416
22486
24426
21358
59088
17252
22562
35318
63188
19130
73522
70144
24206
13250
90070
72294
72396
16210
22462
63190
72276
17254
16366
56026
81010
2084
61084
73524
73146
60020
22818
21228
73070
62150
90112
39150
22642
6002
73526
19146
39242
39152
61046
73720
22258
22264
35320
22464
73528
70030
72186
59090
73148
38164
22418
71196
3098
24284
73530
22820
80346
22268
38166
63192
21378
21230
24500
18288
506
18176
73736
71198
80348
62152
556
80126
44050
24090
80350
5082
38168
22870
62154
650
2410
39154
22040
72188
18142
16220
59092
5014
80352
39104
91082
23126
21304
24196
72112
24152
38194
36048
63194
70018
39156
18178
586
642
72422
18144
73072
5056
22490
73532
22872
21004
59006
72074
63196
21466
16424
23278
37218
71202
36374
58036
454
988
63198
22722
73534
73022
37220
13456
380
80128
36216
5088
22092
80354
63200
21588
24062
5132
73536
460
22824
72096
60048
18180
16378
70228
81046
39250
73150
17258
71204
22644
62156
91084
23320
72190
35326
62158
21232
5148
73746
70024
62160
5006
80130
39164
35330
62162
22706
24088
73538
90072
63202
44052
71210
71256
35332
62164
21360
35334
61066
59098
37226
36050
72018
72120
18246
4214
70072
16224
39166
302
37330
72346
71208
23022
21362
91086
90082
23322
80356
18182
35336
24352
21468
38072
71004
72338
37530
73540
80358
72208
13016
70154
61032
38198
21084
24154
80132
90074
61028
23324
57038
17218
37332
70284
654
36312
35074
62168
81048
62166
72122
63204
38200
21234
21088
6026
38268
56016
37532
22646
22422
22874
514
90098
72454
71212
91088
24064
21364
73542
21470
22838
72314
19152
39168
21472
314
60040
90122
16228
19140
21236
13134
19154
63206
18186
72222
72406
71214
23326
19238
5110
36222
24364
80134
23128
73228
13238
71080
80360
73544
73294
22876
16230
70124
22466
2180
22504
21474
63208
22306
236
24040
22424
73546
16234
71216
21542
81050
22878
5084
23330
60010
24430
23024
62254
23332
73548
17264
21078
5080
23334
5136
91090
23130
36314
22506
5048
44054
17266
36224
22332
16236
80362
71348
5126
2438
22310
39170
21058
21238
802
73550
22096
22314
62226
21366
39226
73208
22508
72352
21306
21476
39172
63210
22844
482
16504
22050
310
90076
33028
22318
35344
18148
24286
36226
37236
63212
22320
22322
22300
80364
5142
24066
38208
21240
472
61094
73152
71218
80366
39232
59066
73076
21478
80432
80368
24288
24156
73154
73554
91092
36228
16238
60016
23336
24428
24432
17352
354
61034
312
22324
63214
38234
70288
57026
5146
24434
606
910
23132
72364
36380
16336
39176
81052
62170
73666
71220
73556
73558
61068
39208
63216
59086
22882
368
21544
73024
17224
35348
56018
35426
71222
35340
22510
21590
5036
24068
72456
72056
61116
38210
39124
22098
36234
44056
24436
24290
17308
5166
38172
70044
35350
21242
58040
72258
2292
63218
71016
37240
39178
22648
22886
38212
21308
16490
73560
71224
16242
72230
73156
37534
22888
36236
38270
23282
72134
24292
22286
90078
21480
37214
36238
13022
70028
21244
80148
63220
80232
18194
490
19166
17228
22334
22488
70076
39234
73562
63222
37356
21368
38038
37244
80372
19264
21110
72192
63224
90080
24294
16246
70292
21246
16338
22468
36384
402
38178
966
37554
73564
35354
24296
56040
2032
390
73566
21310
23338
73078
73722
36242
72118
72216
21112
21482
62174
73158
73740
19052
22518
39126
22344
4210
24438
16248
71226
19230
24298
73160
44058
24070
22890
73270
91094
21546
57054
16250
37582
56020
22360
38220
36244
71228
19168
57022
73162
22100
21248
24300
73568
7032
7006
80374
16252
44060
22780
80186
63226
35360
3046
38046
70122
62176
63228
22650
18200
712
22850
17168
22654
23134
36020
73552
22346
24072
22852
22856
18202
17112
2384
21060
468
12230
21312
34076
992
22432
19266
16428
17312
24442
23284
73296
22940
18204
12368
91096
22760
19170
61096
470
22652
38280
72202
22046
38224
72174
24158
38272
21250
73710
80376
73570
61070
44062
36250
5094
222
16492
21252
17114
21548
72234
19176
21484
22364
71232
23340
38180
17116
61024
23136
22512
16256
2334
90084
72064
73572
16368
59116
21486
17354
36252
38296
80378
37566
36254
63230
16258
24302
80156
62224
18154
21322
24502
37548
62178
70280
35370
5118
5124
73164
24444
522
13100
22514
452
37210
22538
73574
71234
22660
36414
22724
44064
37254
80382
16260
73080
19268
80158
63232
19182
73272
38186
22880
576
21370
38226
21488
73210
17244
22376
73576
23138
24028
22102
366
56042
39188
73712
21314
63288
326
70052
24304
80384
62180
71236
17272
18210
16262
22524
39240
536
16264
18248
18156
21550
21254
22656
16266
35038
18212
37032
71238
70206
34090
412
38228
24478
17314
19184
72368
21080
22516
90086
530
38192
360
22384
13040
22394
73026
2002
24074
4242
73166
356
73580
484
81056
71240
17276
22658
22530
11126
70268
6022
62182
71242
24446
19186
73582
21316
36260
39190
91098
21552
24200
812
21114
16384
16432
37596
73584
24448
19270
16332
72256
73168
59122
44066
80162
23070
24160
91122
63234
610
73668
18304
35376
72050
16268
37578
80386
91100
19188
18158
5096
73586
37262
56034
63236
18216
16270
16054
73274
24306
71344
16434
38236
21256
72260
73588
35378
4202
23342
62184
19190
71122
37342
91102
22362
36262
72266
362
80164
61086
5162
91124
80166
36388
90088
17280
21592
80388
37268
71246
37538
37610
21062
61008
80168
38238
16272
24450
39194
23140
998
21258
22124
3054
540
35022
63238
36264
91104
21490
73298
73590
22104
23344
71248
44068
73212
38240
23060
90090
60042
18218
39040
16496
24030
602
21492
22894
80390
24162
22942
21260
37270
62186
39148
72268
22112
80170
22536
17126
21262
24308
73592
80392
22540
71250
71252
37540
16274
17282
62188
22542
73670
37366
72156
938
63240
39244
18220
22436
39198
57024
73300
81058
990
72098
210
16158
73594
17284
70022
756
18298
62190
23142
73170
24310
38244
80172
73596
23298
73082
22546
39200
718
73734
44070
24076
18306
5008
21612
23144
16276
63242
374
19192
23184
22944
24032
23346
23058
21264
18126
22712
17130
38246
906
24480
22896
16278
39202
4216
23146
62192
5086
22114
22408
24164
23148
73214
5018
5012
376
18164
63244
73598
590
24452
2038
39248
21606
63246
80394
21266
21494
73600
22438
21564
2008
5164
63248
58042
23232
62194
38196
21372
22662
21554
914
37272
22898
23150
91106
21064
90114
22550
38108
224
73602
6020
24354
73084
73230
944
71170
80396
63250
19144
21268
13450
71144
22726
538
22946
16280
73604
24198
12132
37274
73606
810
14004
23286
22072
16282
17330
80398
36272
72194
38248
24166
270
22070
37276
758
316
726
5076
62196
22440
63252
17356
16284
73608
382
22664
62198
22302
17250
39204
12206
36274
21116
72212
38204
38300
73610
24204
44072
16214
21270
39206
674
676
656
80176
24334
976
39254
63254
23348
37280
70100
72302
72092
62200
57056
63256
80400
5138
22666
37550
22690
23152
73612
71262
23350
22668
23154
18228
57036
18308
90092
17318
91108
16436
70098
16286
62260
37350
73614
24454
38250
73616
35390
24370
5104
16288
44074
23288
36276
35392
22074
22900
35088
2048
19198
36278
21318
23156
17320
22552
90094
946
24312
36280
73276
21272
63258
3052
450
5038
35394
24314
62202
72038
34088
80402
63260
17132
2386
80404
19250
91110
36410
35396
2188
36392
56028
90116
73028
37284
16322
22670
24168
456
16290
73714
23158
21598
19200
44076
23352
57028
23160
22920
73086
56044
21556
12198
12334
18196
7004
16498
63262
39212
91112
16346
36282
81012
38252
2010
16292
90096
73620
16294
70058
24456
35398
22884
71266
13352
63264
24316
73172
16068
73278
44078
35400
72370
21274
73622
63266
71268
35384
44080
16370
24080
73030
5044
72374
5068
38288
62204
73624
7012
72330
23028
36284
12290
37590
23290
23354
18234
70070
73626
16298
35402
73088
22554
71270
37292
24458
63268
22426
38254
38284
73302
72180
22444
21276
39246
902
80406
73628
72090
62206
21496
58044
930
18206
12170
71272
21118
24170
73630
37542
35110
2294
928
38256
63270
22520
670
24336
24482
39258
72420
7030
73632
36288
16300
21320
702
12196
71274
21558
18236
61048
63272
12020
24034
16302
73634
17290
62208
23356
16500
37572
22428
21374
22692
37298
35044
22556
72306
73636
18240
18300
21498
640
24504
38144
39218
59134
91114
71276
56022
38206
22544
22904
63274
19202
22728
35406
22906
36292
59142
63276
924
18242
16304
19206
22730
24186
73174
70194
22782
424
57062
23162
21560
24172
18244
73638
38258
62210
90120
57044
2428
17358
70244
80408
63278
22220
22714
73640
73090
80410
37576
62256
16306
22430
39236
58046
21500
24460
71278
23164
21376
5072
59136
57032
62212
38260
19210
70010
73716
35410
22558
91116
70068
22762
73642
73672
324
37570
80194
23166
80412
73176
23030
63280
5106
17294
22078
22674
90104
21066
22118
71282
62214
37352
22908
16174
80414
24174
24318
17324
72390
63282
44082
61012
35416
18340
16310
18250
21330
72130
70236
73644
38262
38286
80226
502
498
72244
22560
37360
72378
16312
23168
44084
18342
21002
18252
73646
618
16314
17268
35386
710
59138
62216
62218
39260
44086
16502
35418
73216
21614
22448
614
17140
73648
21562
22434
73650
18198
22676
34112
24356
71284
91118
808
644
24036
72284
62220
63284
23170
39222
73652
44088
17326
7026
5130
23358
80418
72282
17298
73654
16316
19082
18254
60200
38214
37306
21502
18256
44000
16318
22564
22910
23064
80434
22080
62222
17118
35238
11354
16320
63286
24320
37086
23172
36040
22082
70138
18040
36300
72340
23360
39224
392
23174
37602
73674
3082
22914
22450
22566
71090
21074
71286
19212
